content/topographic__elevation.asc
ncols 100
nrows 200
xllcorner 0.0
yllcorner 0.0
cellsize 100.0
[rows 136 to 152 of 200, columns 0 to 36 of 100]
6.543743595091444654e-02 6.995370510000681108e+00 5.852823604801615787e+00 4.883595459297988661e+00 4.081791468913014143e+00 3.734234869479784447e+00 3.533572973253310767e+00 3.340345597700934643e+00 3.155344470386475475e+00 2.974801856744734074e+00 2.795675285465109461e+00 3.948222349378737839e+00 3.904524784173328822e+00 2.717162593207960608e+00 3.864979405731651774e+00 4.676763878997642010e+00 5.529023046197755420e+00 6.068237620990020176e+00 6.548980911768869539e+00 6.094918093868893827e+00 4.949422770123234727e+00 6.052061661757953459e+00 6.203385401212973882e+00 5.558688115996362811e+00 4.713603316607036575e+00 3.582049137242377501e+00 4.123676982024706561e+00 5.136970971249084528e+00 6.164171426828692901e+00 5.365328620625753331e+00 3.995819902311077865e+00 3.168469621392003166e+00 4.210668301335823926e+00 3.598477897874195808e+00 4.486820010133149239e+00 4.207765328910775260e+00 3.512427760691524181e+00
5.335857128697882867e-01 6.788451688010665563e+00 5.494167292908958444e+00 4.666816419622972667e+00 5.150595968405339953e+00 4.275862714062539816e+00 4.524988790334531608e+00 4.579558470272167447e+00 4.309141818808602586e+00 3.769349411267848726e+00 2.728568323410000218e+00 3.688216186255353968e+00 3.633357382858327433e+00 2.611231255861513390e+00 3.843403393117620581e+00 4.457227791097660763e+00 4.504238554306078335e+00 5.139371182857796150e+00 5.825464172141962216e+00 5.499610193332572727e+00 4.308559887960928592e+00 5.527840469902939979e+00 6.162154153307493942e+00 5.631463785005704104e+00 4.407178688091018870e+00 3.393885368401076352e+00 4.545819828078823122e+00 5.427280874085823825e+00 5.930453182617617003e+00 5.199089630299488896e+00 3.895160279174014750e+00 2.881867107339461498e+00 3.559656847934420831e+00 2.881971586125993579e+00 3.556062489461307763e+00 3.504024346013807634e+00 2.431409362546911979e+00
3.993599259328536322e-01 7.212458536628173711e+00 6.335266942822774361e+00 5.208444367408377573e+00 5.851400340429086633e+00 4.916725505496594373e+00 5.558843699482228118e+00 5.219307126299129074e+00 4.402485999592892441e+00 3.206239180227377972e+00 3.681254901315662131e+00 2.635679915017532515e+00 2.570677144793923841e+00 2.505874076333266309e+00 3.479478842339521538e+00 3.334187527521040639e+00 4.192820235886619784e+00 4.129653055090877878e+00 4.993520048376682396e+00 4.618641461714863006e+00 3.855401511172618090e+00 4.571907915304268322e+00 5.812338831004500328e+00 5.403608423423849949e+00 4.039242863391010907e+00 3.211892589988010194e+00 3.903681210906109644e+00 4.397320258093149192e+00 5.262063327286999659e+00 4.988424758003308312e+00 4.308965772004582639e+00 3.613374656150226016e+00 2.498878388140071127e+00 2.296946653622632173e+00 2.336255247567291526e+00 2.375608283124725162e+00 3.375252602398818969e+00
4.389772521901217361e-01 7.470403180713187652e+00 6.221740550661759350e+00 6.221740550661759350e+00 6.609669164735272773e+00 5.744076887124422548e+00 5.677417875530960778e+00 4.464373402755538400e+00 3.747867023773561623e+00 4.189239578263262764e+00 4.318949307804346383e+00 3.220704847848519847e+00 3.788720974949113085e+00 3.583903787788979223e+00 2.427870752064935633e+00 3.336161948118349319e+00 3.116359754855993369e+00 4.181432340988045837e+00 4.112339503732893142e+00 3.348755055211223297e+00 4.550592774671969210e+00 5.538087562095297400e+00 6.193388084874367649e+00 5.800244484363862085e+00 4.928918752243165891e+00 4.154029189434568003e+00 2.964305727410185387e+00 3.886199659748327928e+00 4.160126005283951045e+00 4.372712780493480444e+00 3.200102007388717418e+00 3.249408599337995973e+00 2.241501732654489931e+00 3.291067032113679236e+00 3.554632115782901725e+00 3.202958502056767909e+00 3.953573384774575317e+00
4.567307007984352518e-01 8.099290258170173118e+00 7.578454504957809590e+00 7.475988360529569832e+00 7.496199254843118887e+00 6.953620724547815435e+00 5.897391854747114692e+00 5.180882628751328767e+00 4.332891986664877848e+00 5.275761733375451179e+00 5.026131928355211720e+00 4.048055135414615258e+00 4.755842551930985707e+00 4.299260843057544967e+00 3.559425564991466118e+00 2.350382306850904879e+00 3.310059216972582430e+00 3.620757198528741228e+00 2.895596691314564097e+00 3.536459400260893560e+00 4.363809779572455305e+00 5.675450141284110295e+00 6.252528329725296707e+00 5.773910541133551177e+00 4.678638640080627908e+00 4.354136699126855525e+00 3.796514715069873258e+00 2.727111799096314293e+00 3.905612955702269851e+00 3.906483029012095542e+00 3.240747517820405044e+00 2.186808986611600947e+00 3.285703574104448244e+00 3.254794761981128381e+00 4.365201047461836126e+00 4.216252066120788733e+00 4.621770018850345885e+00
1.767014596051611486e-01 8.740901798390273925e+00 8.149738498824902422e+00 7.756841160395389068e+00 8.013495331384797637e+00 7.615073616180784377e+00 7.008456196285350437e+00 6.216418142206840081e+00 5.160242796845002644e+00 5.907753461220289104e+00 5.710412789133271438e+00 5.250648578184210713e+00 5.230814681798297450e+00 4.763956513003078541e+00 4.097267399950333733e+00 3.397582395053718063e+00 2.273509525344265203e+00 2.519269153631339631e+00 3.525472831851721001e+00 4.328610749967444882e+00 5.336050169825296230e+00 5.963160654007745975e+00 5.564645012512592359e+00 4.760234518654789859e+00 4.459555714781096469e+00 3.245622886624641268e+00 3.412905510313379853e+00 2.565885288631459371e+00 3.618990250267097419e+00 3.248007092477433133e+00 2.132274885561471489e+00 3.143223831672997903e+00 3.876427776265450653e+00 4.384004164787612901e+00 4.903674405075019394e+00 5.228213278165450895e+00 5.152084943985678400e+00
9.721518528190777886e-01 8.251279233061284302e+00 7.224497940334751789e+00 6.507981615919697482e+00 7.427673097324139384e+00 7.438062756711322443e+00 7.629053210099920435e+00 7.033261632006887254e+00 6.393025429920986547e+00 5.959746772773431012e+00 5.425178076364328916e+00 4.914761976412029831e+00 4.491281690869513454e+00 3.695706852793427810e+00 3.717177181371556838e+00 3.402742273960485342e+00 2.220543856671041816e+00 3.380307360857078169e+00 4.309384014434790799e+00 5.205838092513933368e+00 5.920232850821263604e+00 5.836220827579418291e+00 4.574291149289923197e+00 3.746940453057693077e+00 4.113487032887371164e+00 3.556680118821535785e+00 2.339306106751414038e+00 3.089080752032819621e+00 3.113814311541593938e+00 2.079109105457502160e+00 3.092410724440536107e+00 2.378034513848545917e+00 3.547687752349319990e+00 4.055909565036968978e+00 4.356746041975473993e+00 4.641651791032162855e+00 5.133705755067040855e+00
9.927129232143182547e-01 7.830388346370006580e+00 6.507981615919697482e+00 5.791473092330482686e+00 6.432526183324818625e+00 6.190967403441112182e+00 7.054137947688124299e+00 7.367159231584420986e+00 6.467621553225783693e+00 5.069266277821537159e+00 4.241915528907163946e+00 3.656890574067612310e+00 3.243215476743298797e+00 2.873213222029241010e+00 2.525656622608569268e+00 3.078307911624053705e+00 2.167686391724053419e+00 3.177434357677736187e+00 4.323544213624335164e+00 5.095578462361487482e+00 5.834888948047231239e+00 6.067106149526266812e+00 5.336860480703204068e+00 4.331596815608396156e+00 3.030434120140530485e+00 3.500276960522191949e+00 3.173138493488807388e+00 2.123271333326917532e+00 2.026034565819094801e+00 2.992687651822229622e+00 3.792184974530345531e+00 3.546675062635402664e+00 2.629401547147373730e+00 2.850520187272729711e+00 3.079985844524281369e+00 3.318821272897282793e+00 4.591170750419219182e+00
6.995080258358742364e-01 8.202650216304515851e+00 7.489917562104065674e+00 6.518529014029333268e+00 5.229398941279743696e+00 5.363615314693357838e+00 5.892804852388556114e+00 7.053260197355613492e+00 6.868916578764680203e+00 6.131772539207855033e+00 5.498083954451626454e+00 4.670184053715438210e+00 4.419572732390798286e+00 3.947563977439945582e+00 3.208520479796872937e+00 2.093587075756285998e+00 3.098544859624504877e+00 2.808549096731041583e+00 3.350176942837509220e+00 4.066683310918797645e+00 5.378646516925314813e+00 5.460704558849101886e+00 4.902102781622096117e+00 4.581391604120480743e+00 3.665104783907948249e+00 2.445409186328960427e+00 2.908157375350485463e+00 1.973050798505782577e+00 3.003424774743309822e+00 3.758110065054339977e+00 4.472590280693544251e+00 4.131393799865403338e+00 2.934920853668591345e+00 3.934094913796493564e+00 4.347760034674918117e+00 4.488944010355504055e+00 3.682806829753456856e+00
9.561241429558450244e-01 8.164690087198318125e+00 7.621837444088209068e+00 6.877586192986195890e+00 5.675383914050180501e+00 4.722752428872671437e+00 5.913745802235873761e+00 6.786040948388597727e+00 7.053367717626231936e+00 6.625413525893971922e+00 6.322375026892630423e+00 5.695177051113397226e+00 4.599228926720501320e+00 3.585935061172884186e+00 2.758584790841723589e+00 2.042078502594938616e+00 3.297325044281918860e+00 3.958631399666185935e+00 4.499413695373165822e+00 5.078739649472543860e+00 5.572378717972999773e+00 4.929239371384259272e+00 3.600324781212302039e+00 3.823337521490069335e+00 3.587976942495706645e+00 2.916424766992366635e+00 1.922146979675023237e+00 2.953302443493635909e+00 2.349378336187891048e+00 3.563799180199799910e+00 4.361327157397340670e+00 4.442228131206105601e+00 3.293173996235340795e+00 3.948214028021902688e+00 5.096604723179635421e+00 5.358190070844274899e+00 4.510157197721222033e+00
8.281294426914197482e-01 7.459150347213444832e+00 6.495668549820692306e+00 6.589129366893320849e+00 5.465232486194308237e+00 4.451938505820343117e+00 5.105715024797994772e+00 5.951168549252493278e+00 6.315923219603556404e+00 5.505459573825035591e+00 6.202090345017512441e+00 5.589921746440432493e+00 4.688817617003403271e+00 3.914451339772209160e+00 3.109823654793330672e+00 1.990768421783328801e+00 3.239389627009960471e+00 3.883579354676839568e+00 4.476246429068175381e+00 5.166859755111169683e+00 5.148164962956700563e+00 4.583369348302570145e+00 3.810799984695400600e+00 2.587031611681859022e+00 2.893707515415205211e+00 1.871545546686222083e+00 2.993540617398529946e+00 3.665290446030698313e+00 3.535720456651628041e+00 2.746824513146383762e+00 3.574174756360793737e+00 4.629846979971860677e+00 3.706849093076435508e+00 4.660836454719850863e+00 5.381232819197920847e+00 6.149570412069645720e+00 5.685944496357801192e+00
7.802174759282813898e-01 6.919370946568146330e+00 5.668314727773595685e+00 6.050672816168821910e+00 6.041147134470512547e+00 5.321551845306178308e+00 4.093685362035286879e+00 5.021942875087677116e+00 5.441360881470557409e+00 4.678108470278852238e+00 5.696321544712473539e+00 5.119022914512275868e+00 3.755326312082139850e+00 2.927976035435006175e+00 2.287113329886337976e+00 1.939556730478956270e+00 2.904711148676174748e+00 2.695301045671824269e+00 3.522651343864577900e+00 4.671894949862115176e+00 4.407703324156606151e+00 3.375377482580521171e+00 3.477672193785096066e+00 2.842330301335930454e+00 1.821054168210473279e+00 2.830856252412520924e+00 3.041595633313896929e+00 4.214245305705813571e+00 4.209174315434316860e+00 3.059533492926363341e+00 4.205856531607035542e+00 5.003315359272373364e+00 4.138918642590862618e+00 5.294883019938759539e+00 6.209262270226663105e+00 6.863937662314582688e+00 6.324861055346319816e+00
6.199672836467881032e-01 6.763607238074133221e+00 5.937095539342649886e+00 4.840963515677231044e+00 5.850801056155840563e+00 5.722501694077289258e+00 4.939547300632678883e+00 3.764929731457470119e+00 4.566064098855682651e+00 4.093083467838374290e+00 5.358943092330388680e+00 5.100551366096385486e+00 3.789992225663082248e+00 2.962641936700105560e+00 3.436457357286801795e+00 2.818900271317591688e+00 1.867950841670822149e+00 2.889558403430539268e+00 3.586454620904030666e+00 4.239855398262067254e+00 3.869026321806428470e+00 2.548027194516711447e+00 2.799191877679717777e+00 1.770827103616166909e+00 2.842657809371358812e+00 2.587031611681859022e+00 3.774103951449127692e+00 4.701116290224438110e+00 4.678452186795191814e+00 3.491603040201260111e+00 3.825510976146686115e+00 5.023980733267323195e+00 5.311288742627257697e+00 4.855425119896134234e+00 5.682777051240061716e+00 6.936377211333441650e+00 6.858976491898607364e+00
8.469791521500720233e-01 6.372422658753864155e+00 5.050823526935342755e+00 4.334317011282442955e+00 5.078376498302697328e+00 5.431087229344077727e+00 4.949589760195247656e+00 4.258496588185619380e+00 3.452220751687880895e+00 4.762642770292115024e+00 5.747606525523817567e+00 5.550325550181090861e+00 4.395656291952951378e+00 3.789992225663082248e+00 4.330251994201483434e+00 3.611150148668377469e+00 2.884281908508503633e+00 1.796831621941419321e+00 2.888143249857898276e+00 3.159159510183797703e+00 3.741106067286914083e+00 2.716377982236730659e+00 1.720676991824207303e+00 2.782775937680253886e+00 3.480553667206068180e+00 3.808125738170202723e+00 3.600324781212302039e+00 4.896229641080500627e+00 5.138551417217161799e+00 3.998249500079025687e+00 4.921762555236521841e+00 4.838805031472055873e+00 5.988140384483193301e+00 5.682777051240061716e+00 6.731650781210075429e+00 7.483181786197699026e+00 7.545291277947782760e+00
6.276433180939583467e-01 6.769760641993012307e+00 5.983735118809830666e+00 5.042335605703470947e+00 3.827670549663454214e+00 4.543934553694526812e+00 4.289143556646579647e+00 3.181406831224979914e+00 4.327022648660769022e+00 5.172494028258300069e+00 6.061147867109389686e+00 6.056991379244244911e+00 5.576252069058752703e+00 5.147410614578140198e+00 4.744421763642798773e+00 3.451532115108119747e+00 2.624181825012110725e+00 2.747603517341696833e+00 1.726146324625876138e+00 2.799200841379545945e+00 3.282636487284576798e+00 2.730479361813088701e+00 1.685334343166435600e+00 2.401840630208397442e+00 3.415133723337888227e+00 4.556442837842578086e+00 4.899867414119869480e+00 5.489496580266405523e+00 5.700622854787168237e+00 4.714755985383780157e+00 5.431266998580931649e+00 6.169801943087176888e+00 6.774085404704615954e+00 7.059717699883854891e+00 7.570446209331197274e+00 7.950702000428393035e+00 7.702938365093739748e+00
7.674093294349048078e-01 6.910716096252079943e+00 5.801556341563714803e+00 4.985523595777378247e+00 3.757500904721176038e+00 3.374512185426259414e+00 3.138926370082053996e+00 2.996405703910520746e+00 4.136804248181708665e+00 4.503195382733832908e+00 5.684088374296109691e+00 5.804736926212378023e+00 5.891789158162205275e+00 6.112990841256329411e+00 5.380051824088214474e+00 4.557334563018395457e+00 3.883180172380364503e+00 2.896196355886712759e+00 2.794463448347370704e+00 1.655802504173754297e+00 2.570562937765701328e+00 1.635443249330055471e+00 2.814099026196929643e+00 3.418127494037614955e+00 4.009723213312084589e+00 4.715889104282454447e+00 5.314674884818487044e+00 5.991511888895552751e+00 6.364801734084737816e+00 6.087541529563843312e+00 6.557359655448371960e+00 7.149329344022627986e+00 7.563242297150305937e+00 7.939838477739618483e+00 8.062208765329804905e+00 7.106277143623933590e+00 6.500619141280388646e+00
5.274052300124434378e-01 6.620706613731741186e+00 5.381833632513724375e+00 4.368539538016228185e+00 4.945312630410517940e+00 4.631246157321872836e+00 4.000512897133225110e+00 2.814412925497552731e+00 3.333144694021520582e+00 4.418577712000060664e+00 5.165343184097605622e+00 4.582125415071187646e+00 4.738882874039053839e+00 5.835478751076671244e+00 5.766209892033018924e+00 5.194512552182713350e+00 4.628783134888879935e+00 4.115773354300828579e+00 3.505787458867022810e+00 2.703008475618434492e+00 1.585627576691501339e+00 2.699217513059441131e+00 3.309191772426082423e+00 3.451251646794033956e+00 3.079384780242189201e+00 3.664409737966516811e+00 4.380916226487675758e+00 5.394211298117582487e+00 6.404997180472778773e+00 6.421631921039243629e+00 6.938564375976557841e+00 7.261239136412210193e+00 6.523140661471693136e+00 7.016300083409775290e+00 7.366822809178309228e+00 6.794072819898268278e+00 5.673268253535912464e+00
