content/topographic__elevation.asc
ncols 100
nrows 200
xllcorner 0.0
yllcorner 0.0
cellsize 100.0
[rows 0 to 16 of 200, columns 37 to 73 of 100]
1.044707863379300550e-01 6.459517370910613510e-01 8.687789398579066624e-01 1.783133586680472060e-01 2.171526320355243733e-01 9.340824026837079019e-01 8.391364805121785952e-01 2.644102385876601069e-02 2.051179795649324955e-01 3.113614542828900822e-01 8.423301929928274090e-01 7.772657677826160239e-01 6.090143650215120719e-01 3.357575235829735050e-02 9.919643763368553024e-01 6.035026827922342907e-01 2.876784325196944936e-01 7.825512687029412273e-02 8.299257774254727993e-01 6.392873110084547061e-01 8.483056188769048100e-01 6.280123555467242991e-02 3.754635584886362176e-01 8.540742277027020268e-01 7.293480060908252849e-01 3.110358517029704339e-01 6.671133801208295466e-02 6.499703580881095455e-01 6.630818246455483234e-01 1.646542969711117799e-01 2.557433622970071152e-01 1.233899955471637888e-01 2.124889645232814761e-01 8.946413913360156123e-01 4.363526215810331621e-01 9.865487733740829768e-01 9.911248096139456676e-01
4.488348523184594319e-01 1.469134370245951837e+00 1.820084896800244545e+00 1.393701489459365117e+00 3.298169255631575592e-01 1.338270845163436196e+00 1.592685996189837860e+00 8.693996525710695478e-01 1.470447257804996521e+00 1.340262795756874015e+00 1.901017505542082375e+00 1.412502460645932212e+00 2.242545373536241893e-01 1.208069869238628247e+00 1.799116544371782034e+00 1.849624275436868581e+00 1.280159186858132125e+00 5.075386589933844617e-01 1.676614315881162165e+00 1.868247650913774205e+00 1.656848783058836538e+00 1.085678911230801846e+00 1.185341835535544952e-01 1.160716624346979753e+00 1.642547877276181900e+00 1.522623426060608853e+00 1.095612679486066776e+00 1.515332343782906710e+00 1.737843614707024642e+00 7.218905734302000221e-01 1.460810363673835210e+00 1.337679113914844287e+00 5.568530305038096317e-01 1.694332324550224644e+00 1.780051083418453750e+00 2.012720064857751012e+00 1.757958458350939779e+00
1.696980584385503921e+00 9.904626932436714215e-01 2.179754317456660928e+00 2.122717357571235031e+00 1.287107734263567282e+00 4.686762973428575396e-01 1.704392983552074803e+00 2.113488661049061079e+00 2.581850970614000484e+00 2.583427041273292701e+00 2.467599016259653943e+00 1.568125465535556318e+00 3.489822719445744292e-01 1.457223440664542125e+00 2.194842895854938192e+00 2.735050302902629848e+00 2.212957280791993053e+00 1.014185111963447072e+00 2.231780660906135694e+00 2.435967785708413214e+00 1.298667684457176508e+00 4.713174912787435611e-01 1.122982592377645528e+00 1.589448490990111595e-01 1.309898238141822935e+00 1.897630434755070095e+00 2.253972205175523769e+00 2.635233028948378742e+00 2.459320456407197319e+00 1.438396858548667057e+00 2.354536746223845789e+00 2.080039281430473341e+00 9.044096299111529236e-01 2.128634688638360473e+00 2.454203014350683887e+00 1.940613748423354101e+00 1.340863343833891053e+00
2.589509029856673639e+00 1.404137789832878402e+00 2.625589047473800619e+00 2.836439823084843326e+00 1.850799846797498427e+00 5.673289511183808864e-01 1.700414534609879125e+00 2.397408279376615603e+00 3.096216667477616813e+00 3.036289020793232929e+00 1.851861069083057698e+00 1.024510875904642182e+00 1.393023329438324076e+00 5.347590887295053941e-01 1.548051994669612963e+00 2.752475163080711607e+00 2.737386557282879718e+00 1.655047815895761998e+00 2.777680825678594978e+00 2.938534074108461347e+00 2.001571247857646174e+00 7.374212451208647101e-01 1.711988958532661531e+00 1.332906129995122368e+00 1.993957442866308993e-01 1.390962459220675518e+00 2.080733585724026558e+00 2.822547654529524941e+00 3.045265524061478768e+00 2.802994766524931514e+00 3.108760790694819143e+00 2.497926993040675558e+00 1.287398349108792805e+00 2.464021346544994717e+00 2.267596606105983792e+00 9.321549267835800290e-01 2.156486191417009424e-01
3.110590053573710989e+00 1.881808646578525535e+00 3.072239441389117420e+00 3.133279109080246538e+00 2.000341521355182284e+00 1.677294806367798818e+00 7.088718439177751351e-01 1.536222037096190762e+00 2.793936036729970596e+00 3.428553883451369355e+00 2.843373718766164515e+00 1.851861069083057698e+00 1.820601704209620975e+00 6.683881999309827515e-01 1.681681105871090320e+00 2.898944373163788502e+00 3.303129657428519828e+00 2.668340721835912976e+00 3.395001061639200124e+00 3.230901122678841553e+00 2.227465010972733861e+00 1.013204642847008063e+00 2.053853690864431591e+00 2.030617798882241587e+00 1.410294526739312992e+00 2.398869895044201950e-01 1.222843742474372775e+00 2.085146820755072294e+00 2.679837818508930880e+00 3.287503766128818228e+00 3.574593213234551037e+00 2.457448213133714976e+00 1.829026190033997024e+00 2.953425173711977880e+00 2.750185381990600142e+00 1.648661926904327002e+00 1.013029743967148066e+00
3.608921961648086985e+00 2.598314931696998453e+00 3.491937360544582702e+00 3.195663518695310401e+00 2.530401000252525900e+00 1.900620176613974532e+00 8.102011345117868801e-01 1.451063838444088150e+00 2.278414031622510105e+00 3.522634557816665790e+00 3.538082680635157296e+00 2.912480449132156313e+00 2.034301783761460758e+00 8.044037338364077305e-01 1.940638472389181413e+00 2.830628153978838935e+00 3.629547755397085407e+00 3.818258644818528946e+00 3.931776647614845466e+00 2.944654040196847955e+00 1.624243255889237014e+00 2.165832903963142098e+00 1.598229574859477031e+00 2.656345402811656431e+00 2.117833963714167211e+00 1.360233076500214189e+00 2.804268145179865668e-01 8.654517465304556456e-01 1.581958031648937668e+00 3.009390319644194456e+00 3.940972120736975004e+00 3.531517505641207144e+00 2.545532475152469498e+00 3.553803633780806326e+00 3.425444738136201650e+00 2.446598990338948898e+00 1.688583803030418773e+00
4.138528910201258348e+00 3.611607837637106133e+00 3.696135436008624264e+00 2.511760484269345728e+00 1.498467578329237382e+00 9.568397374040330527e-01 1.831575996611725543e+00 2.501359907978367936e+00 3.225782919593232378e+00 3.943514774014023505e+00 3.722150280679044076e+00 2.459104120193245091e+00 1.631753927014823136e+00 1.075217654299010173e+00 1.039989549179207939e+00 2.052598875470649009e+00 3.047448549051170019e+00 3.694479729985078897e+00 3.727375268553126730e+00 2.451593449067696273e+00 2.637536161830112302e+00 3.097130369463640065e+00 2.104876027829550633e+00 3.098421363508823134e+00 2.533453302989706835e+00 1.322431700024052637e+00 3.091387940832632797e-01 1.294384192092953967e+00 2.396088072553050008e+00 3.190931071094533333e+00 3.817371939957829419e+00 4.086629131307708107e+00 3.880126194317429000e+00 4.271003019867142925e+00 4.106158995195883676e+00 3.380861829756557579e+00 2.320086628451232258e+00
4.369471079849622797e+00 4.660052074001788114e+00 3.988537690989266693e+00 2.668517442354159552e+00 2.505048758514086593e+00 1.963802478511761818e+00 1.107892525324058353e+00 2.363083048938233510e+00 3.326449760102506481e+00 4.082065484436665947e+00 4.135754231129679326e+00 3.064766497251771415e+00 2.522874734316512768e+00 1.351001052025148974e+00 2.046669863275807799e+00 1.283961810993923480e+00 1.924824514926224639e+00 3.315392058840928691e+00 4.078602952632644829e+00 3.464886355011772778e+00 3.878733812192678432e+00 3.703126611144920144e+00 2.689900959842031813e+00 3.322045087376336525e+00 2.537172413507156499e+00 1.341718517949879397e+00 3.378796328171131402e-01 1.412602305453610319e+00 1.941576187416609534e+00 2.133158540023419647e+00 2.889683091085514022e+00 3.481190621044398359e+00 4.143541557526817520e+00 4.523602923763287542e+00 4.105892208297702517e+00 3.520391342072971774e+00 2.442582740937432995e+00
3.783684567596353521e+00 4.842694516874915145e+00 4.385694755182522719e+00 3.465106653334879105e+00 2.279435196279870457e+00 1.266142290339762555e+00 2.133242179947762995e+00 1.669966299082669581e+00 2.386472584201142499e+00 3.803325894506982774e+00 4.490735955755340569e+00 3.733592622624163582e+00 2.805681760485887466e+00 1.637603566072537875e+00 2.490357868137307751e+00 1.465954589406884834e+00 2.663337680205887459e+00 3.357837085163172919e+00 4.460107316958053403e+00 4.672065498360128188e+00 4.794964317367279349e+00 3.703193865785480821e+00 3.824492275876950398e+00 3.193938370871932442e+00 1.820363356330908955e+00 1.103857071212413166e+00 1.355463187426700467e+00 3.786237723241525077e-01 7.368769148833963500e-01 1.119865634081042893e+00 1.573023997841125565e+00 2.400374191019662096e+00 3.731427014542125331e+00 3.973579171315879677e+00 2.970986911729829760e+00 2.464338646759689500e+00 2.191281420980533134e+00
4.545352664829349187e+00 4.762345394837280921e+00 4.197585619546316593e+00 3.352600516750700699e+00 2.503564662231860805e+00 1.379079502227279930e+00 2.557582965520898366e+00 2.310829003014975402e+00 3.102978869318713695e+00 4.168591809797657532e+00 4.266474437065184588e+00 3.346994013923201283e+00 2.069673112921519564e+00 2.818752809783000135e+00 2.871180653343395228e+00 1.652516935347863702e+00 2.786758584153766982e+00 3.483901790578536328e+00 4.160235117148668671e+00 4.890440994197728486e+00 5.303700181530938806e+00 4.819236966051825277e+00 4.295344666177236093e+00 3.517913233013243435e+00 2.793819212401481344e+00 2.243643226102576271e+00 1.633881933669762532e+00 4.075337277297491623e-01 1.579870663315074752e+00 2.295809882723916395e+00 2.742759126206440801e+00 2.743073861905268362e+00 3.918544001671095511e+00 3.631054609410647949e+00 2.254476144478935407e+00 1.537969216382667037e+00 1.031322728735361460e+00
4.700044099055282310e+00 4.093877301030186544e+00 3.140895740717422502e+00 2.510528840654639104e+00 1.541858791805455153e+00 2.375347976689633711e+00 3.197119024790141761e+00 3.138179196193397136e+00 4.126910554436901357e+00 4.674964153398447841e+00 3.921466202222393171e+00 2.576319565891575625e+00 3.316329956326589112e+00 3.502685683158467622e+00 3.500535123301599327e+00 2.824714239379025660e+00 1.928300333074002504e+00 2.325746510025832325e+00 3.153096703204254059e+00 4.446436374793616864e+00 5.266635550975044211e+00 4.468281219538090099e+00 3.635865733839654279e+00 2.677999918103249222e+00 2.455613303123020064e+00 2.048468134641829863e+00 1.539978244388969131e+00 4.364613488598208524e-01 1.640778699223135906e+00 2.515443469266010368e+00 3.107715583979639984e+00 3.682705792336635309e+00 4.345234844914103611e+00 4.104124136499356368e+00 3.382568514373832880e+00 2.716453227787237523e+00 2.003825520843990571e+00
4.022707293552780783e+00 3.009414387612716180e+00 2.292908102494243483e+00 1.707883170481782065e+00 2.575227231742514000e+00 3.266031661978223699e+00 4.011520317076452180e+00 4.372180995123852831e+00 4.879434750357536821e+00 4.950405673381434113e+00 3.746369429916497129e+00 3.029477929651653856e+00 4.232519624798916524e+00 4.655381064004283864e+00 4.196832869097399943e+00 2.982229708132463575e+00 2.154879514954041841e+00 3.223956505327191469e+00 3.091723948421121637e+00 3.808230233539594334e+00 4.932816804482690998e+00 3.936134045466445297e+00 2.503121473314338541e+00 1.786615188195840753e+00 1.244987347270624989e+00 8.475411703187917256e-01 4.775389156898806053e-01 1.419216893318919093e+00 9.431078018298871823e-01 1.484735642755102836e+00 2.125598346687431306e+00 2.952948539866432132e+00 4.241961366107696030e+00 4.455152866683603108e+00 3.836318251470828500e+00 2.791287269669237237e+00 2.167900857438656015e+00
4.217569110146197175e+00 3.137702510868579431e+00 2.185554027227432972e+00 2.765489242964104477e+00 1.892118244289074491e+00 3.076940994922722439e+00 3.892011167133011096e+00 4.509918485909702568e+00 5.102353805419585164e+00 5.409137543470446730e+00 4.775216092256558298e+00 3.614502861664114608e+00 4.834179360847072005e+00 5.353790866399116943e+00 4.608451400067313131e+00 3.589000869516134173e+00 2.397102849117083156e+00 3.599218683582326772e+00 4.282269257780852101e+00 4.878770692072604831e+00 5.252317589742023785e+00 4.347527950217077830e+00 3.523342274330139023e+00 2.914069917258411468e+00 2.374777125416400736e+00 1.666912132740863584e+00 5.066810833030068739e-01 1.686881552311096266e+00 2.086086017305959661e+00 1.770457995008355434e+00 2.597808188187723299e+00 3.835862561982018804e+00 4.523086364290312744e+00 4.127988228983451080e+00 2.875880213719213874e+00 2.512522111355136367e+00 1.358270478776172796e+00
3.140856964741851609e+00 2.727181868152641631e+00 3.381474119200265083e+00 3.497141406711401501e+00 2.927613129651614354e+00 2.079476168875279640e+00 3.239744327483247588e+00 3.354400178117799225e+00 4.666611445393899160e+00 5.577040321825507796e+00 5.383611059139895794e+00 4.441853054842500370e+00 5.382135694293443073e+00 5.248327441984104169e+00 3.940959327413977586e+00 3.224453042295504890e+00 2.678139735996389437e+00 3.394646021114862133e+00 4.407938927054926737e+00 5.356109408874493383e+00 4.887434687586738491e+00 4.058896079562832604e+00 3.349889133511542827e+00 2.764081241334702455e+00 2.230418644137473816e+00 1.641330962553397832e+00 5.358413460235043058e-01 1.531247149026691901e+00 2.564720103246838079e+00 2.947502931591734932e+00 3.614408170766774120e+00 4.341609496497128795e+00 4.346359574619805599e+00 3.792504797588179155e+00 2.900290942266901428e+00 1.705827085776008722e+00 2.551626633128545762e+00
4.371803090756060328e+00 4.004331369980180355e+00 3.986392911265801864e+00 3.485092403304842268e+00 2.357849138885559359e+00 3.130195614565490558e+00 2.341107272177691545e+00 3.462164814481577313e+00 4.055156729290722240e+00 5.147358735484782954e+00 5.866348676964426190e+00 5.774182463080843597e+00 6.129524227219572907e+00 5.713390736808195314e+00 4.880530532482509898e+00 4.072891881598750707e+00 2.990848715755153986e+00 4.246969144904319649e+00 4.989674720282124554e+00 4.951116877846556186e+00 4.267259530648913390e+00 3.040199341940319933e+00 2.212849148761136586e+00 1.571986444828807672e+00 1.030358603903591908e+00 5.772002401435093466e-01 1.534445608493331337e+00 1.211369949983586158e+00 1.796394881996055348e+00 2.623745075174918728e+00 3.951750450358782807e+00 4.610976925197826759e+00 3.508223917055654173e+00 2.680869427231352464e+00 2.095843766802916175e+00 2.947566331844786447e+00 3.478320852521928686e+00
5.069717742384763248e+00 4.185074913424726262e+00 2.992008252340293328e+00 2.644451652932950925e+00 3.543105286675975130e+00 3.930388996082781805e+00 3.406077609398132644e+00 2.622144159056997825e+00 3.338650444175470522e+00 4.351943350115535125e+00 5.434761975691221991e+00 6.173553671189092817e+00 6.502005299827019691e+00 5.732839687682992569e+00 4.545769462620427248e+00 3.532476556680362645e+00 3.818198908933575719e+00 4.770650565038215163e+00 4.897858961325717075e+00 4.213397414799647578e+00 3.212361323863489826e+00 2.947647559252027705e+00 2.503142672094097687e+00 2.081599719517456482e+00 1.605693226950939412e+00 6.065126179426830744e-01 1.755132535079781064e+00 2.357762609514462593e+00 2.927760493012468324e+00 3.229407453432181718e+00 4.454624083133533752e+00 5.072995019605365030e+00 4.375778514061342328e+00 3.518594041226948743e+00 2.424599542911040739e+00 3.600630568893286476e+00 3.951250134801769232e+00
4.546928999205565702e+00 3.533636093265501987e+00 3.928837968212738119e+00 2.897774879417978955e+00 4.061356998618713021e+00 4.161096840075226844e+00 2.986129715882922309e+00 3.696055808162237000e+00 3.184217932815613050e+00 3.661888789561263291e+00 4.489238982739649941e+00 5.826569830777788006e+00 6.198967877243791946e+00 5.000689453791027361e+00 4.173339260612641155e+00 4.800107602444886545e+00 5.053151957014584639e+00 5.282743589152033792e+00 4.534803806778228363e+00 3.191723877590654013e+00 2.364373684411539056e+00 1.779348752399057654e+00 1.365673655809843678e+00 9.956714011809341125e-01 6.481148017735872680e-01 1.598829635135045057e+00 1.168586391701306182e+00 2.175260836235538342e+00 3.279866745741967904e+00 4.027402373407806380e+00 4.900175858868961676e+00 5.288924427297828856e+00 4.281497419169807195e+00 2.986674522706389112e+00 3.685834314641136533e+00 3.857621734757051613e+00 3.723204530161788206e+00
