content/topographic__elevation.asc
ncols 100
nrows 200
xllcorner 0.0
yllcorner 0.0
cellsize 100.0
[rows 0 to 16 of 200, columns 0 to 36 of 100]
6.390361772284558484e-02 9.552779673772116009e-02 2.292871854519440422e-02 8.068147772150641162e-01 5.191134641896942847e-01 8.095533287221222674e-01 4.194732772591517334e-01 3.856628884786154066e-01 8.143076616839763915e-01 9.783508440891104385e-01 5.174741377534536335e-01 3.982337145486408714e-01 8.382504165650997985e-01 1.233775371021893497e-01 1.268004792161508965e-01 4.456289465108709269e-02 6.972827119782197824e-01 2.169810441592144867e-01 3.500452814091248310e-01 8.143564669364868891e-01 5.338354946692159819e-01 2.120536306560131257e-01 4.203982650558388823e-01 9.091250346608803490e-01 5.477757959764261164e-01 2.059467225552987779e-01 4.252482155053640689e-01 7.525454265410645993e-01 3.622064256014095873e-01 8.360631799734262737e-01 9.601519654572077123e-01 2.176100523520153596e-01 2.501869296722312175e-01 6.486504730115572048e-01 5.181250908917205411e-01 5.681538433781269104e-01 4.377124091673674222e-01
4.688357499288041685e-01 1.153792291375403289e+00 1.234214928585243287e-01 1.293405287809104243e+00 1.759355815633705244e+00 1.872934675446351616e+00 8.050839674219353315e-01 1.548091772709446756e+00 1.307588051532638351e+00 2.092950916436492559e+00 1.546375479227423133e+00 1.564929077898946197e+00 1.262235323882993754e+00 2.473115408211077060e-01 4.628402667161810591e-01 1.160975360623938357e+00 1.605027128751565835e+00 9.490957648115679879e-01 1.650504664574781621e+00 1.948698160413217861e+00 1.526902683161187602e+00 5.264658426092710952e-01 1.405045370029653462e+00 2.075771483942087325e+00 1.777426430137160507e+00 1.262234073900674325e+00 2.612616148368213653e-01 1.326911999795855612e+00 1.018677565067586999e+00 1.913882486269938843e+00 1.947942688837293712e+00 1.060568681064324670e+00 1.350103957054852977e+00 5.441683352163878551e-01 1.609058229842762477e+00 1.806592585966795506e+00 1.548172571613730231e+00
1.842113376833374172e-01 1.373025340158519736e+00 2.086052482247547080e-01 1.221877673425379784e+00 2.340493461153327459e+00 2.369496200034934219e+00 1.202530144373761489e+00 2.321068126778612406e+00 2.134938244711089173e+00 2.940628879699425990e+00 2.641686339847700626e+00 1.697495941459629343e+00 4.018372603051464376e-01 1.373213210154835995e+00 1.628198012114956184e+00 9.405111234618331872e-01 1.972612259989355188e+00 1.962388670751675557e+00 2.631606310983055863e+00 2.292444733356788333e+00 1.033112295579323048e+00 1.242972127727737908e+00 2.282137697789949904e+00 2.890576070485318727e+00 2.163028317042677617e+00 9.302119004402688018e-01 2.893491038757813882e-01 1.519384486883606389e+00 2.163155133383364070e+00 2.188727429092508725e+00 2.788956038231857448e+00 2.345932023704674574e+00 1.876953105133321698e+00 7.428914236923030989e-01 1.853791401523304572e+00 2.478930315628217418e+00 1.881847422555406935e+00
1.914114418839316656e-01 1.476365010268148037e+00 2.943974667199461548e-01 1.307657935089749701e+00 2.516769703895501475e+00 2.792993644109447171e+00 1.655688508133836168e+00 2.905888400305676633e+00 3.342276866574929617e+00 3.560412970689078804e+00 2.778161251783102692e+00 1.525037213240247214e+00 5.117443073001395337e-01 1.757672876136046725e+00 2.462796228451911151e+00 2.181698317486310934e+00 1.482138964387037516e+00 2.724592380699050853e+00 3.458887882427949201e+00 2.727358192817775695e+00 1.416101014776962819e+00 2.411954287135234409e+00 2.675984697964686188e+00 3.212740670267014487e+00 2.100264680563444841e+00 1.487621627630253407e+00 3.174744357619050938e-01 1.330768529640548925e+00 2.556350041470723866e+00 3.286408218582182794e+00 3.664310467930371740e+00 2.951819361524592011e+00 1.649208151212449680e+00 1.828842741761200985e+00 1.051942862660376177e+00 2.354156712999395218e+00 2.966800521598389917e+00
5.853680577131251672e-01 1.566042283931574408e+00 3.808113760897428035e-01 1.208141477642461270e+00 2.559948190730124473e+00 3.222480439409451503e+00 2.296551212066141989e+00 3.431907359196882279e+00 3.690537408860724788e+00 3.154209307995453848e+00 2.523816111622416258e+00 1.742508479543584787e+00 6.229676532734594874e-01 1.787795348686065822e+00 2.581513792527371010e+00 2.925627513165618865e+00 1.895814060976244386e+00 3.086764140097167264e+00 3.961911097575872898e+00 3.158935836136008035e+00 1.829776111366169689e+00 3.061469098019511836e+00 3.782555780105212317e+00 3.659945847597791069e+00 2.582268977748626071e+00 1.358915926028163801e+00 3.456214609269085414e-01 1.316626724662040226e+00 2.453772874242115432e+00 3.141205179265151415e+00 3.770841763098843114e+00 3.523933181387887359e+00 2.662501057152557582e+00 2.228429434756194816e+00 1.278522044540413516e+00 2.291814950480521862e+00 3.387314676136549796e+00
5.577091714397044431e-01 1.661203992219107306e+00 4.680217438572136235e-01 1.749978882617444498e+00 2.900659607989968691e+00 3.688964404571079214e+00 3.309844118006249669e+00 3.986817227393311125e+00 3.461523559546701989e+00 2.070908931053116131e+00 1.354402645934643212e+00 8.127748050094388832e-01 1.609353274797643785e+00 9.154801192796911957e-01 1.928773025219798765e+00 3.128624822171735431e+00 3.144554425732177361e+00 2.612320346094717305e+00 3.861372097569862660e+00 3.617057613062893751e+00 2.414801043378630663e+00 3.262788681603117968e+00 4.177097497998823350e+00 3.484293251869833519e+00 2.214445687769223348e+00 1.201146690909239423e+00 3.737956734112656831e-01 8.514665635066714922e-01 1.393094796312014827e+00 2.109604087383655902e+00 3.520028938695543896e+00 4.192932241028560547e+00 3.692244828158726566e+00 2.715340240393305127e+00 1.520745378703453499e+00 2.668484733385096064e+00 3.574383202899493739e+00
4.318951082700609456e-01 1.808332604382059339e+00 5.557206889364075808e-01 1.703471808495301332e+00 2.474969750023955140e+00 3.188319964267189111e+00 3.896824339706739249e+00 4.607528379820341691e+00 3.890015601975502779e+00 3.066683961270392444e+00 2.165924375441951266e+00 9.526225121924801753e-01 1.968718187619356019e+00 1.131514892704179820e+00 2.144807798644288166e+00 3.404267118847111639e+00 4.062755836821338562e+00 3.439670539273139038e+00 4.374863741193205868e+00 4.225287666003630704e+00 3.242151236557052396e+00 3.911163210124865230e+00 3.717755696100201845e+00 3.102131992330002586e+00 2.240385174053606487e+00 1.485408426005654148e+00 4.020409432909088365e-01 1.518894239743600716e+00 2.397332458395457166e+00 3.119743537662234445e+00 3.891339040942161098e+00 4.360728889779092121e+00 3.300015723038850712e+00 2.286722817098743032e+00 2.640284036466330253e+00 1.934420475292660369e+00 3.325898660731721801e+00
4.031078633237061837e-02 2.349172031176157027e+00 1.671456755055168886e+00 6.809235785217637726e-01 1.321771481439039997e+00 2.148974750758589014e+00 3.541825333677456555e+00 4.202116822520936879e+00 3.717125470103150420e+00 3.079295489773850480e+00 2.245101236290364177e+00 1.094511899739959881e+00 2.200624852606980930e+00 1.355313856631743752e+00 2.500131056788945649e+00 3.450903184588498984e+00 4.322105060207748650e+00 4.617893997087287872e+00 5.080440593306660091e+00 4.935470457214818474e+00 4.352338574476690702e+00 3.639515509749578825e+00 2.914974992907156892e+00 1.915298195407447945e+00 1.386028277773638129e+00 4.421340348329557135e-01 1.435999788679754419e+00 9.253032272040663253e-01 1.938600809024880967e+00 3.065210213068284784e+00 3.734168594485796078e+00 4.288586132260736150e+00 4.064387057062364583e+00 3.114073010277164766e+00 3.332464638774790266e+00 2.247129455051425584e+00 3.450618668967246894e+00
9.868611275435353880e-01 2.777376279480167742e+00 1.597953843184819034e+00 7.706623066109189457e-01 1.585232101743673683e+00 2.566492711408590921e+00 3.724781002134081920e+00 3.743701880589178632e+00 2.529608192345234929e+00 2.446293712821784538e+00 1.300280512980637626e+00 2.221052536211039374e+00 2.830690369156811492e+00 2.548269217185917146e+00 1.684069487078392102e+00 2.697362393018500004e+00 3.796590803544920512e+00 4.416292887657648158e+00 5.088624291078112982e+00 4.954302368709863735e+00 4.059189569887047710e+00 2.797118486035054641e+00 1.783808565976123139e+00 1.067299465729176111e+00 4.822742854874136897e-01 1.542095224933867526e+00 2.083645334746643041e+00 2.081126963851276823e+00 1.536342732634587094e+00 2.014015417987098822e+00 2.654884574298440825e+00 3.668199568951956646e+00 4.713218402384329764e+00 4.390132489775468549e+00 3.680142025288434038e+00 3.384987682894877725e+00 2.770391661656245841e+00
6.369513662145620536e-02 3.180163398894418236e+00 2.114827290477081512e+00 8.616586958101316585e-01 1.578126309570127228e+00 2.591037405894099255e+00 3.742886821069928871e+00 3.475594454915108766e+00 2.659629865639115298e+00 1.516315286405126583e+00 2.432544574698017659e+00 2.206597240500790758e+00 3.365878331653214151e+00 3.182239130672936067e+00 2.012825117525042007e+00 2.207331693683212581e+00 2.604777870635042181e+00 3.432128063813463914e+00 4.651562106506260008e+00 4.416384768718191189e+00 3.317626430184381636e+00 2.995160648576944862e+00 2.451329101398442400e+00 1.633664611359906482e+00 5.107079700862310334e-01 1.577755187536950876e+00 1.969882019313885735e+00 2.462467607696651850e+00 2.754786428469777615e+00 3.218271472522623800e+00 3.766673809434166742e+00 4.475291774690507651e+00 5.288953671565307602e+00 5.304200298405921998e+00 4.578488140516442151e+00 3.445920265616318812e+00 4.083959286472469863e+00
4.672699082643626545e-01 3.150364117940268383e+00 1.966891075472063433e+00 9.537762326893550746e-01 2.171048420851282579e+00 3.256627368547608370e+00 3.845278412328048567e+00 2.757616910058711124e+00 1.744324004118603222e+00 2.490767718594387059e+00 3.282159241169607888e+00 3.219890146440898437e+00 3.941682559918622708e+00 3.546712278736393387e+00 2.360381716932384411e+00 3.340660859537181171e+00 3.589350378552675469e+00 3.511094598155195090e+00 4.651032643463051564e+00 4.027398100418073668e+00 2.601092987592148464e+00 1.884576791203408375e+00 1.431416879237686013e+00 1.033970316890499008e+00 1.482131319183798590e+00 5.510705181323298785e-01 7.479099329333539492e-01 1.987192891122190330e+00 2.779828529200518705e+00 3.248242914007134718e+00 3.792554344899222052e+00 4.478157221975669344e+00 5.291088041592763247e+00 5.597140187073500250e+00 4.459213171556383415e+00 4.459213171556383415e+00 5.003574495822237900e+00
7.622090614342267312e-01 3.119855931770261659e+00 1.873913339217612384e+00 1.046664641003173246e+00 1.873913339217612384e+00 3.247820503340333342e+00 3.981911110406751941e+00 2.923086948694395115e+00 1.909794042754286769e+00 3.157571958071455853e+00 4.103414591754994234e+00 4.457554706342551576e+00 4.646987728185363764e+00 3.530431580957305915e+00 2.774056813521594389e+00 3.787349719461702069e+00 4.702888795808710221e+00 4.524387504095258805e+00 5.021176428388153035e+00 4.402650561762578185e+00 3.682940017537765343e+00 3.108305262509385880e+00 2.604435181482956274e+00 2.148232096178499972e+00 1.645021991270239958e+00 5.799218206972190925e-01 1.630635661324352226e+00 1.037422195181030071e+00 2.165006341966944969e+00 2.056038111595787310e+00 2.696911594346124375e+00 3.524291854400050106e+00 4.919410919685337724e+00 5.928642026114522068e+00 5.717452909049246301e+00 5.582707774517251309e+00 5.190686321673095627e+00
1.939864171333696152e-01 3.446763892404269836e+00 2.371228465077728220e+00 1.140949945705324486e+00 2.409228078725886846e+00 3.593761045990036429e+00 4.133947851610950686e+00 3.070106600095758864e+00 2.079861346186131943e+00 3.243309354843688652e+00 4.117265952581001365e+00 4.925695927382592210e+00 5.153720025324634690e+00 4.479810965192481120e+00 3.251727670267244630e+00 4.469236279610028895e+00 5.393328495126453070e+00 5.504525646248122683e+00 4.767745858669997006e+00 4.116463810895186981e+00 3.846477229628899597e+00 3.263325925492134960e+00 2.492464640083415617e+00 1.791841750059592009e+00 6.207734319976421222e-01 1.543492204180857641e+00 2.346620230539981922e+00 2.235124855795173726e+00 1.339527807643089430e+00 2.468253065807076485e+00 3.337040346982593331e+00 4.024894027817126130e+00 4.746228536146847254e+00 5.603907781692877954e+00 6.060823019383713373e+00 5.492427598523636156e+00 4.890855521972650166e+00
1.240732194296656488e-02 3.323144074446137353e+00 2.063062026353661871e+00 1.235853520849340859e+00 2.248863794865008980e+00 3.551605005331394338e+00 4.133336584111939160e+00 2.986178073706284852e+00 3.221860956786477992e+00 2.339339070455551006e+00 3.352631976395658686e+00 4.443670440900356233e+00 5.196372924294116125e+00 5.008706560991789125e+00 4.265020576207309233e+00 4.421777534292116840e+00 5.470329900768625464e+00 5.183587950344426432e+00 4.166125913227648248e+00 2.816020836964689078e+00 2.934641581320850623e+00 2.230981066346565900e+00 1.643896449139879312e+00 6.616582830198383114e-01 1.602940753085660086e+00 2.290706208277843547e+00 3.093907729734600487e+00 3.099583314588132410e+00 2.352832199946512937e+00 1.697781269034331464e+00 2.848186915046097223e+00 2.922596791182720644e+00 3.749981597732844119e+00 5.089421300247660263e+00 5.679252754529331426e+00 4.553232089932699012e+00 3.725881896754312361e+00
8.759452159752088019e-01 3.638739624424906172e+00 2.562345043514050236e+00 1.332031025177597083e+00 2.344997378576085811e+00 3.612350543083041821e+00 4.501582906143866580e+00 3.999470979646392532e+00 4.103298865309376708e+00 3.328296542510006617e+00 2.615122468181691584e+00 3.628415374121799264e+00 4.631157646940622818e+00 5.181047826626421049e+00 5.439504210886902058e+00 5.497480250589286577e+00 5.056114684010131199e+00 4.425865722586602047e+00 3.501355874065061435e+00 2.920250550671593004e+00 1.802702229805643652e+00 1.217675469781671627e+00 9.820896402678990222e-01 1.622932586754539663e+00 7.029227601161353034e-01 1.716223163019450437e+00 3.029976626732838074e+00 3.811318028269513825e+00 3.468129279013763000e+00 2.711091450231422062e+00 2.095228949737026891e+00 3.260369836100996288e+00 4.150633671387075729e+00 4.874893652712592562e+00 5.553823909350696475e+00 5.395088771022824581e+00 4.310906828766723820e+00
1.679730709290577773e-01 3.515982490424859552e+00 2.256242299443508070e+00 1.429086877743815931e+00 2.256242299443508070e+00 3.268548553709050619e+00 4.542609551200376572e+00 5.109510670731281401e+00 4.975944915575364114e+00 4.089012824027494553e+00 2.872499123667264787e+00 3.080053139465861900e+00 3.427609738873204304e+00 4.719322570084423241e+00 5.581920875608526345e+00 5.376063483926600384e+00 4.078212140521179307e+00 3.250807379252761642e+00 2.609919549487772272e+00 2.068282551498024979e+00 1.615121992485735847e+00 2.366479157793966781e+00 1.995392300493423088e+00 1.910495469639981181e+00 7.321193144035340605e-01 1.745420316616675516e+00 2.923293561165555499e+00 3.733483827417560352e+00 4.128140177472901406e+00 3.794840406888236206e+00 3.355062485626731927e+00 2.601881870128159857e+00 3.108541720575012324e+00 3.825081223486096693e+00 5.258181602935715127e+00 5.957831158244946579e+00 5.521826843528446105e+00
3.511105370936743464e-01 3.832122231297730774e+00 2.757705707117940719e+00 1.527739517650763768e+00 2.352273386738008121e+00 3.335348881275759680e+00 4.538958689882099051e+00 5.387288628677747937e+00 5.319215909847999413e+00 4.151895783449447208e+00 3.138602877509382605e+00 4.219382289038440703e+00 4.604013859434766154e+00 4.012634670885647736e+00 5.250200002602299243e+00 5.696301485820694843e+00 4.871148251747662528e+00 3.589629578048478820e+00 2.762237796083869767e+00 2.177199879760134849e+00 2.893812176136161263e+00 3.290350569100829681e+00 3.035281261818663978e+00 2.080476007540658312e+00 7.613401384825612128e-01 1.794251601427378162e+00 1.973690705043892324e+00 3.161106083071492101e+00 3.462498746085502344e+00 3.878742435023750268e+00 4.102257469915848276e+00 3.429260907607721620e+00 4.034957693355341490e+00 4.541631413211185020e+00 5.708949990547821152e+00 6.372488956707687002e+00 5.688334240273241527e+00
