content/topographic__elevation.asc
ncols 100
nrows 200
xllcorner 0.0
yllcorner 0.0
cellsize 100.0
[rows 68 to 84 of 200, columns 37 to 73 of 100]
6.220544344332013864e+00 5.830273386582764061e+00 5.497137057192274412e+00 5.188565941585119745e+00 4.829861880971652255e+00 4.166999587723865694e+00 3.114990081520853327e+00 4.036549344785366422e+00 4.691907144346939340e+00 5.551288631795798345e+00 6.229562165581479682e+00 6.311256517593882620e+00 5.197559453670157481e+00 4.184266547497550448e+00 5.360103849782035468e+00 5.976688173640708257e+00 5.543776426809031932e+00 4.722426746749934345e+00 3.482117896829004078e+00 4.513708230785765885e+00 5.067750865345646893e+00 6.146247620511775089e+00 6.874232045160798776e+00 7.012933054104284025e+00 7.548735935541774467e+00 8.008945126390399238e+00 7.303840386679683050e+00 8.244082331670192332e+00 8.266359815592100091e+00 7.027188287392053923e+00 7.112489199667281881e+00 6.108403324291836078e+00 7.216559373701796787e+00 7.294819255216697051e+00 8.332130484595870357e+00 7.904361114504463437e+00 7.385705631329808618e+00
6.291676803703222909e+00 5.853892420759890136e+00 5.527604898741047990e+00 5.200321317957970813e+00 4.620202150564084675e+00 3.443745711967514556e+00 4.083606029375908442e+00 3.184624394102244960e+00 4.011974587282357341e+00 5.025267493588695622e+00 6.276547850553964025e+00 6.518234184382372121e+00 5.349381042670701802e+00 4.522030849477593151e+00 5.349381042670701802e+00 6.446164630687938768e+00 5.942495595467350178e+00 4.652167761672492574e+00 4.507380684066459864e+00 3.662660510470745479e+00 4.808312631109498803e+00 5.288028108651636749e+00 5.950481327701261591e+00 5.675613060149052203e+00 6.688905970376657351e+00 7.880114011856592882e+00 8.382925929419643651e+00 8.851466958855953138e+00 8.789832067963489592e+00 8.283584459143124690e+00 7.715218367693087664e+00 6.561619285240354316e+00 7.798578654191808290e+00 8.275291667038246146e+00 7.987174224417723067e+00 7.198169649525514302e+00 6.064681235258435166e+00
5.107364818318872679e+00 4.654206454558787343e+00 4.348687148037669203e+00 4.062084633990274085e+00 3.786301236264128622e+00 4.541098244053973332e+00 4.391042616923803266e+00 3.233979968740510191e+00 4.247272874753065253e+00 5.435777404978917815e+00 6.463665498500293261e+00 6.876806189454206297e+00 6.194920829087908309e+00 4.954100396326580835e+00 6.117174267081425754e+00 6.917243418157674739e+00 6.444762340703316106e+00 5.481457098896879820e+00 4.303523214403064401e+00 4.744089430504724092e+00 3.855015523213219719e+00 4.923007812057968557e+00 4.769296332497054536e+00 6.002078463998032909e+00 6.902973186416074824e+00 7.286682889545882169e+00 7.813574551547444180e+00 8.371439522592176274e+00 8.861299073688297057e+00 8.758063482746019091e+00 7.575023884406602903e+00 7.575023884403973895e+00 8.201214352874862001e+00 7.872902822463195172e+00 7.193925033856562123e+00 6.239589259206876015e+00 5.348065453286631410e+00
5.329735058519232460e+00 5.836149464126988207e+00 5.472609175973039974e+00 4.613651429446919749e+00 4.986396029170791167e+00 4.948936013800167011e+00 4.387813010265724678e+00 3.283453056818069538e+00 4.364370847700179468e+00 4.847009507022450592e+00 5.879900917299890395e+00 6.645208702430353220e+00 6.684057370153223765e+00 5.781450589535750417e+00 5.967393302874700822e+00 7.109996057877424391e+00 6.643667401881351964e+00 5.316816120647441579e+00 5.020029499523046113e+00 5.488823600553616622e+00 4.946349708183230831e+00 4.052790047378259430e+00 5.126081190328251047e+00 5.706131351702953047e+00 5.847001233740545700e+00 5.973767500346568227e+00 6.579429918224792395e+00 7.164454878687367412e+00 8.411216610207830513e+00 9.120965388930247997e+00 8.775081422796782604e+00 8.634274639772968385e+00 8.252255740480226365e+00 7.078137208824332838e+00 6.064681235258435166e+00 5.348065453286631410e+00 4.806375433092572536e+00
6.343027965637938692e+00 6.692959081897518203e+00 5.626944336144473979e+00 5.763375286140066223e+00 5.487869989535584914e+00 4.379897785901915697e+00 3.366604879878704715e+00 4.224040727708180398e+00 3.413996924787328968e+00 4.054859628719647446e+00 4.882209821908082503e+00 6.247143808790136532e+00 7.109771747906584949e+00 6.963677519920279835e+00 7.142796461459304247e+00 7.529559164144139949e+00 7.194795135220179105e+00 6.618985318219602121e+00 5.847379692796863537e+00 5.916152375892812287e+00 4.769296332497054536e+00 5.113929706140197595e+00 4.271322415608049816e+00 4.547105813334194835e+00 4.833708327381589953e+00 5.146417307140358943e+00 5.731442239152856111e+00 6.558792432426022501e+00 7.906439402048333953e+00 8.915998626092706658e+00 8.657780950472833581e+00 8.158969217759233672e+00 7.860636485059559142e+00 7.273025311201029908e+00 6.879619316789915118e+00 6.342151664377583486e+00 5.577821371779206672e+00
7.395562087499568449e+00 7.223465314698832351e+00 6.711932468233517746e+00 5.979213181501448204e+00 5.276508432143144134e+00 4.533211886470359886e+00 3.425601073758483217e+00 4.498579723065316394e+00 3.507876699663059039e+00 4.572381478136746225e+00 5.339370807219149029e+00 6.018751058283921651e+00 6.194725324990383086e+00 6.624527868965105704e+00 6.883292896856401555e+00 7.103479263802941368e+00 7.479368221848718967e+00 7.493892600233526657e+00 7.079405001099349448e+00 6.202308937976759751e+00 5.485802617622390187e+00 5.599835847389212695e+00 4.459486184449009905e+00 5.468264312552229889e+00 5.991656323170913900e+00 6.301396858414119784e+00 5.862923592261105377e+00 6.503786296210427587e+00 7.331136490158239205e+00 8.486880390797457707e+00 8.014405918538502149e+00 6.856562836903300706e+00 6.892352719265908867e+00 6.088989043571115367e+00 6.167853637592320304e+00 5.907696308117661665e+00 5.883009317416782125e+00
6.782229554823132389e+00 6.636534884243078025e+00 6.362904334612673907e+00 5.239189276245328486e+00 4.225896369976683609e+00 3.509390084858092340e+00 4.577435038880753204e+00 5.125688347996860017e+00 4.616619345303671018e+00 3.641505810864539949e+00 4.770538500942476112e+00 4.883003095133553018e+00 4.806034390669023715e+00 5.750686422857162583e+00 5.660739692190402295e+00 5.817496652673343149e+00 6.893542820260375237e+00 7.513609875693251006e+00 7.817120649343495487e+00 7.315556744910462150e+00 6.499095525534640316e+00 5.949331008291365741e+00 4.721117287751425806e+00 4.864803346825061325e+00 6.051714181304225448e+00 6.882892271294396735e+00 7.140238652161778887e+00 7.678193100327262322e+00 8.268897771697895749e+00 8.366677326156370498e+00 7.098930665574266996e+00 6.271443471494824173e+00 5.686318531576175950e+00 5.288813182356160603e+00 4.918768209160318428e+00 4.606034850678044634e+00 5.303304509741192163e+00
5.456992622710080454e+00 5.372121415262642863e+00 5.393598033586134655e+00 5.065535523504038018e+00 4.602105985395544607e+00 3.568944054901574514e+00 4.915383914300051060e+00 5.699841717760892656e+00 4.654798716915697909e+00 4.742055673641265123e+00 3.777521344769968703e+00 3.877607284097183804e+00 3.978684197485876428e+00 5.051617868442138004e+00 4.647446785868545760e+00 5.154093238838612479e+00 5.794955942771609081e+00 6.808248850787116169e+00 7.969083111960911125e+00 8.076574823389893965e+00 7.254598093833750205e+00 6.005224114648196831e+00 4.991931208214033688e+00 5.885036420234857069e+00 5.296872893674049010e+00 6.550466021650030335e+00 7.392233259378674148e+00 8.084258928519096443e+00 8.815096290639420573e+00 8.822003207181829509e+00 8.127601612226909467e+00 7.512921248600413549e+00 6.947694029078088640e+00 6.502853035984121455e+00 6.073171229949717365e+00 5.396023877032877891e+00 4.183442300944971493e+00
4.629642429518913360e+00 4.358828509056305478e+00 4.101451853570727835e+00 3.874872671690685610e+00 3.653754031565329186e+00 4.285450340020177329e+00 5.397014473265103973e+00 6.261383818077484342e+00 5.903570257908254071e+00 5.318831410902543411e+00 4.135774487329213045e+00 5.026126236691063731e+00 5.058987377893549464e+00 4.124184579263714845e+00 5.355440130917951791e+00 6.219163865596751606e+00 6.788956062306360728e+00 7.417245978501367354e+00 7.877470290535375952e+00 8.249907128310153936e+00 7.563537660849016575e+00 6.291826628890448525e+00 5.278533722261428807e+00 6.430662995073922694e+00 6.490396748416158879e+00 5.774543750419708132e+00 6.415406454354013910e+00 7.242756647943465076e+00 8.552274362820591946e+00 8.949164607108954783e+00 8.496306067692737329e+00 8.026627449038770123e+00 7.269252442829452932e+00 6.657235519247358901e+00 6.148470658478426998e+00 5.671669597199842983e+00 5.170400792039939297e+00
5.761199418583492715e+00 4.928802046754976907e+00 5.210630469689230715e+00 4.771595741441569061e+00 3.716117898860805457e+00 4.880260008198897381e+00 5.455500206446282085e+00 6.625109928986183228e+00 6.499141611717870859e+00 5.305824352974433999e+00 4.567844034178200729e+00 5.678935123497469206e+00 5.432728764984457115e+00 4.231896399913389395e+00 5.470891127907210993e+00 6.043751859793594861e+00 6.401492393492288713e+00 6.829314926171449862e+00 6.692160942023651415e+00 7.898385460111717826e+00 7.687373422072849571e+00 6.418592895250758268e+00 5.591242702020197797e+00 6.729631175766614959e+00 7.319787200077843003e+00 7.056922442144382579e+00 6.450072354384298379e+00 7.463365264739055149e+00 8.607618095276500014e+00 8.384684141794032541e+00 7.379085886933732574e+00 7.528198762736553640e+00 6.383936921744033377e+00 5.556451722074768895e+00 4.971348789560778414e+00 4.539243491028892130e+00 4.156238983393471642e+00
5.942094953718681793e+00 6.119356858620463413e+00 5.504494449112099730e+00 4.495165979931211808e+00 3.778659694812560144e+00 4.791952600879721302e+00 6.039422091755833222e+00 7.029006229955581553e+00 7.020865021210746626e+00 6.000856634278931345e+00 5.152868966190673916e+00 6.157130189259651054e+00 5.654101851346772456e+00 4.340532802505451926e+00 5.324819139692058556e+00 4.866426273432844951e+00 5.137240193895452833e+00 5.678868034820672150e+00 6.692160942023651415e+00 7.883211597752388222e+00 8.085065863447233880e+00 7.425943151903105388e+00 6.418592895250758268e+00 6.176267634032761578e+00 7.376983158965079390e+00 7.963036113452611531e+00 7.463365264739067584e+00 7.620122238190436548e+00 8.656810087595379954e+00 7.945563010347009403e+00 6.551600718307404314e+00 6.950825158729214692e+00 7.014818500132783186e+00 6.561402858410536609e+00 6.114790626426632514e+00 5.688392135650554238e+00 5.023386772052653271e+00
7.116475961611911316e+00 6.950476461497163250e+00 6.157532412321717885e+00 5.097433133457435872e+00 3.841622652398030358e+00 5.021207183788924944e+00 5.997818357809998169e+00 6.901354657711777030e+00 7.498856587355978931e+00 6.954958000517217798e+00 5.980219159415068653e+00 6.666406582414379223e+00 6.113146384810879574e+00 5.378745172591475665e+00 4.496424018803933720e+00 5.542664295727727897e+00 6.118452312904998358e+00 5.628759450469596359e+00 6.827152368171624630e+00 7.704125316598916307e+00 8.125855002435841357e+00 8.132430674308700702e+00 7.713523183977673447e+00 7.003617827388844752e+00 6.942245072491100899e+00 8.225465690204634583e+00 8.611621592270678249e+00 8.695113883386534681e+00 8.572529259078693897e+00 7.994107562789475097e+00 6.983831576375941097e+00 5.724107729823074919e+00 6.247030627587524698e+00 6.084184258827997738e+00 5.858647332118194662e+00 5.723598801905348310e+00 5.057187331439016553e+00
6.828879827388424140e+00 6.449555453653838200e+00 5.847700552141213315e+00 5.051201472960665129e+00 3.904768730944835564e+00 4.252325330352183741e+00 5.079675523537830806e+00 6.381021281390310662e+00 7.336643709161629445e+00 7.579203134577166878e+00 7.125704422747840994e+00 6.686073893885634334e+00 5.888988819705900823e+00 4.695147107279851184e+00 5.507755468977530988e+00 4.854677161363177618e+00 6.020644743735291016e+00 6.605275460547986199e+00 6.170387291394852980e+00 6.567833468346822023e+00 7.020991832107768005e+00 8.205685544543261045e+00 8.640820740281784040e+00 8.309395310733259876e+00 7.658751358151426381e+00 8.666954930694471315e+00 8.706694294076344320e+00 8.274547244031563054e+00 7.761948067020004949e+00 6.893926426642404515e+00 6.837372553973848355e+00 6.150887958896842811e+00 5.048476492447410813e+00 4.827337566633041810e+00 4.613702746953878275e+00 5.110306624746998594e+00 4.044654220007928735e+00
5.636273594879703808e+00 5.216553910107887049e+00 5.134902065905718516e+00 3.995856989320812236e+00 5.070664780610487199e+00 5.428791299854304420e+00 4.863363943394416467e+00 5.579870228515781960e+00 6.972873008650281257e+00 7.454769165064677239e+00 6.889434843395959795e+00 6.156703647163697113e+00 4.926097994646648104e+00 4.981749621327246302e+00 5.985182868817428670e+00 5.997407710278035431e+00 5.231004699045097794e+00 6.436306438484574954e+00 7.194764309924160273e+00 7.737915092950905738e+00 8.151504896103604736e+00 7.848342026047536280e+00 9.019594790526864969e+00 9.326726394660267871e+00 8.672044294334691372e+00 9.055815576312028270e+00 7.911177804790310297e+00 7.083705687196721001e+00 6.498581113197112735e+00 6.066430819540039820e+00 5.737615066164900135e+00 5.424854811569960411e+00 6.211452856378940623e+00 6.049899627807557856e+00 5.310787951685838060e+00 4.318082276309172407e+00 4.119355729488746398e+00
5.235554892661061110e+00 4.203261003970733434e+00 4.087408804168284782e+00 4.999670827510271920e+00 5.684171321269983146e+00 6.307768272002594045e+00 5.690714136600441009e+00 6.296376553419671396e+00 7.323827011252098451e+00 7.108462599010962002e+00 5.804154626893005542e+00 5.163291922960516089e+00 6.035998281483660577e+00 6.130914640411501360e+00 5.413819168176233987e+00 6.537487928889714084e+00 6.432767197856406050e+00 5.628450875996934499e+00 6.882609218540852503e+00 7.784470078008522087e+00 8.562048922719650790e+00 8.960716139305064942e+00 9.018391998444977631e+00 1.009436130961668354e+01 9.865782867940188439e+00 9.603168225093247301e+00 8.897716449788257265e+00 7.931818440861847286e+00 7.236678325814445145e+00 7.171803894493450571e+00 6.331327962561712042e+00 6.717238778757750772e+00 7.038542090756311431e+00 6.846425742863454289e+00 6.119702156943196414e+00 5.522912792277945293e+00 5.096417857471737811e+00
4.370982439137744535e+00 5.320479551090147474e+00 5.180966510008604864e+00 4.198133015180248506e+00 5.211425921316282128e+00 6.466388788600118787e+00 6.972304354967005402e+00 7.524821684702649449e+00 7.964564405693573157e+00 7.237167276461953236e+00 6.502760317721955730e+00 5.339683576823111011e+00 6.387847977762829643e+00 6.741143549583956229e+00 5.734250520142390783e+00 6.833241961078567073e+00 7.233532665789455862e+00 6.878157608694733582e+00 6.070688156247639355e+00 6.898038349551335102e+00 8.123396731806527882e+00 8.892172658898413573e+00 9.638757527057942198e+00 1.046758662412214314e+01 9.953063711362112542e+00 9.460760602250692486e+00 9.423675787149722538e+00 8.949130183995954724e+00 8.443917290861291391e+00 7.501568750808183417e+00 7.554893017035694491e+00 7.400855248346404736e+00 6.981593961651854308e+00 6.518631797786446747e+00 6.033638357962037624e+00 5.467155828613374347e+00 4.349384045919097552e+00
5.587824377932674835e+00 6.026199217305145517e+00 5.506297555211840056e+00 4.276779797344241629e+00 5.290072703496762507e+00 6.523475988196790532e+00 7.484117528186477131e+00 8.211612061938376783e+00 8.560688751159787557e+00 7.683262129845678245e+00 6.352976483459696233e+00 6.427202023352891480e+00 5.605787330665233270e+00 6.684579261239546710e+00 6.820425162314585954e+00 6.240896973112457502e+00 7.364036408248511911e+00 7.706535596711134417e+00 7.343154101658242894e+00 6.612315997173013216e+00 7.153943838100854435e+00 7.870450123448347490e+00 9.303463187820479874e+00 1.023440105493097185e+01 9.185299584182303079e+00 8.171862747928768655e+00 8.584771799355412014e+00 8.932598114618874874e+00 9.012778871808926340e+00 8.638094954358178867e+00 7.988579209488470667e+00 6.693176277110426398e+00 5.865682839836304119e+00 5.280563310141284106e+00 4.848443392563895671e+00 4.465429036919374539e+00 5.334564090346129106e+00
